Turn,From,To,Unit Cost,Distance,Cost,Sum
1,C1,CD,100,2,200,200
2,C0,BC,10,3,30,230
3,CD,C0,100,3,300,530
4,D1,C1,100,4,400,930
5,B1,L0,1,5,5,935
6,B0,L1,1,5,5,940
7,BC,B0,10,3,30,970
8,D0,B1,10,7,70,1040
9,A1,D0,1000,9,9000,10040
10,A0,D1,1000,9,9000,19040
11,L1,A0,1,3,3,19043
12,L0,A1,1,3,3,19046
